   1            "b" 2181  9464.472656 2852.910889 2703.293457
   2            "d" 2432  7592.606934 4056.160400 4085.986084
   3            "f" 2214  8023.741211 9887.811523 3578.954590
   4            "g" 1191  4219.108398 2154.552734 2344.582031
   5            "k" 3794  14594.371094 9316.391602 11893.881836
   6            "l" 4422  10337.960938 10844.993164 7851.903809
   7            "m" 3563  8370.274414 8784.036133 4992.230469
   8            "n" 6891  12383.042969 15150.727539 8590.266602
   9            "p" 2588  13116.790039 6645.032227 6023.200684
  10            "r" 4680  12166.922852 12229.617188 5565.542969
  11            "s" 6175  27241.074219 31175.464844 13357.316406
  12            "t" 3947  13957.844727 13516.927734 7004.287109
  13            "v" 1992  4217.737793 3665.078369 2463.863281
  14            "w" 2213  7466.220703 5150.527344 4358.856445
  15            "y"  995  3013.389160 2444.033203 1920.781738
  16            "z" 3679  13241.349609 12812.263672 7038.409668
  17           "aa" 2256  10513.380859 13739.370117 4909.688965
  18           "ae" 2291  17390.177734 11079.568359 4104.953613
  19           "ah" 2265  11015.721680 6611.062012 3633.476074
  20           "ao" 1864  7052.254883 11274.482422 3936.904785
  21           "aw"  727  5851.159668 4210.335449 2118.090332
  22           "ax" 3891  8888.885742 5735.192871 5384.368652
  23           "ay" 1934  11121.612305 13724.565430 5876.743164
  24           "ch"  820  2860.570801 5558.658691 1462.005127
  25           "cl" 2744  3976.150879 8930.017578 4836.579102
  26           "dh" 2375  4512.544922 3279.947266 4068.746582
  27           "dx" 1862  2356.963623 1981.740967 2550.405273
  28           "eh" 3275  15988.000977 10546.859375 5293.373535
  29           "el"  951  3929.524902 3560.632812 2699.603027
  30           "en"  630  2224.975830 2046.687988 973.524597
  31           "er" 4136  19070.054688 14664.596680 8755.564453
  32           "ey" 2270  14861.482422 9854.453125 4784.413574
  33           "hh" 1660  4343.751953 3667.399170 2873.102783
  34           "ih" 4248  16852.964844 11431.430664 6354.805664
  35           "ix" 7366  18344.826172 11754.243164 9897.456055
  36           "iy" 4624  18465.283203 16762.570312 10456.003906
  37           "jh" 1013  3240.576172 4837.647461 1875.174683
  38           "ng" 1220  2752.474854 3122.349365 2229.788086
  39           "ow" 1653  10019.076172 7532.708496 3801.486572
  40           "oy"  304  2117.628906 2157.874756 848.541870
  41           "sh" 1317  5628.363281 7200.837402 2579.749756
  42           "th"  744  2489.372070 2871.191895 1160.117798
  43           "uh"  499  1837.742798 1138.580078 675.363586
  44           "uw" 1952  7969.093262 6275.643066 3760.815674
  45           "zh"  148  529.640015 475.802307 238.900940
  46          "epi"  907  1757.543213 1097.461548 973.290161
  47          "sil" 8279  52183.871094 63909.078125 27078.808594
  48          "vcl" 1672  2465.149902 3900.180176 2643.954834
