   1            "b" 2181  8962.215820 2891.114990 2483.332520
   2            "d" 2432  7405.808105 4285.175781 3894.116211
   3            "f" 2214  6894.222656 11105.665039 3622.856934
   4            "g" 1191  4149.215332 2186.807373 2476.832764
   5            "k" 3794  14905.847656 8735.979492 12031.200195
   6            "l" 4424  15021.927734 10880.666992 8959.603516
   7            "m" 3565  10370.467773 7920.087402 5477.725098
   8            "n" 6893  16047.002930 13070.748047 10671.755859
   9            "p" 2588  12887.798828 5918.022949 6463.979004
  10            "r" 4681  12188.728516 12953.724609 8063.351562
  11            "s" 6176  23044.326172 36175.906250 12985.136719
  12            "t" 3947  14342.844727 13314.685547 7018.161621
  13            "v" 1993  3781.649170 4610.119141 2421.856445
  14            "w" 2216  7817.853027 5128.071289 4299.684570
  15            "y"  995  3256.666260 2745.908447 1951.156494
  16            "z" 3681  11200.745117 15950.024414 7213.095215
  17           "aa" 2256  9113.090820 13324.291992 5679.751953
  18           "ae" 2292  14939.529297 11806.507812 4510.279785
  19           "ah" 2265  8758.126953 7699.440918 3687.896973
  20           "ao" 1865  6445.967773 10352.722656 4846.248047
  21           "aw"  727  5324.009277 4131.618652 2614.004639
  22           "ax" 3891  6952.209473 6600.246582 5008.669922
  23           "ay" 1934  11987.741211 11891.311523 6458.817871
  24           "ch"  820  2996.061768 5347.434570 1511.862793
  25           "cl" 2744  4368.047852 7729.004883 5048.288574
  26           "dh" 2375  4473.589844 3245.799072 3876.469482
  27           "dx" 1864  2305.870361 2086.557373 2568.727295
  28           "eh" 3276  12458.930664 11818.624023 5152.835938
  29           "el"  951  3913.037842 4021.443359 2344.063965
  30           "en"  630  1991.530396 2379.991943 1291.293091
  31           "er" 4138  18013.072266 15623.675781 8774.504883
  32           "ey" 2271  13052.868164 10150.153320 5713.691895
  33           "hh" 1660  4432.851562 3526.138672 2793.903809
  34           "ih" 4248  12550.565430 13377.016602 6184.573242
  35           "ix" 7368  16091.014648 12142.562500 10254.459961
  36           "iy" 4625  15985.200195 19853.447266 9764.157227
  37           "jh" 1013  3321.739258 4773.133301 1913.789917
  38           "ng" 1220  3095.384277 3191.466309 2558.357178
  39           "ow" 1653  8651.736328 7872.492188 3986.898193
  40           "oy"  304  2264.174072 1748.388916 1118.628662
  41           "sh" 1317  5766.661621 7170.217773 2483.530273
  42           "th"  744  2655.041748 2946.613281 1229.567505
  43           "uh"  500  1517.620850 1299.943237 704.145020
  44           "uw" 1952  7547.357422 6571.075195 3500.272217
  45           "zh"  149  541.848145 487.537354 267.463409
  46          "epi"  907  1384.664185 1259.053711 1028.096802
  47          "sil" 8281  51663.101562 58108.503906 31661.964844
  48          "vcl" 1672  2873.618896 3340.784912 2554.737305
