   1            "b" 2181  8857.890625 2896.193848 2473.878418
   2            "d" 2432  7263.812988 4352.858398 3854.731689
   3            "f" 2214  6714.727051 11411.769531 3531.010498
   4            "g" 1191  4071.979248 2277.940674 2414.113037
   5            "k" 3794  14756.270508 8941.707031 11692.817383
   6            "l" 4424  16196.417969 10583.290039 8774.588867
   7            "m" 3565  10472.605469 8121.924316 5275.647949
   8            "n" 6893  16508.185547 12989.131836 10469.560547
   9            "p" 2588  12785.496094 5927.159668 6390.687012
  10            "r" 4681  12352.141602 13118.903320 8255.906250
  11            "s" 6176  22655.046875 37148.156250 12663.932617
  12            "t" 3947  14074.097656 13298.747070 6924.581543
  13            "v" 1993  3810.548828 4659.704102 2381.744873
  14            "w" 2216  7629.729492 5364.420410 4259.423828
  15            "y"  995  3279.061523 2886.791748 1979.656616
  16            "z" 3681  11182.390625 16397.408203 6985.390625
  17           "aa" 2256  9070.014648 13214.012695 5600.777344
  18           "ae" 2292  13491.300781 13071.552734 4631.665527
  19           "ah" 2265  8252.450195 8085.996094 3735.633789
  20           "ao" 1865  6371.452637 10372.192383 4952.682617
  21           "aw"  727  5214.773438 4223.054199 2694.951172
  22           "ax" 3891  6650.881348 6807.636230 4914.737305
  23           "ay" 1934  12399.499023 11410.404297 6382.969238
  24           "ch"  820  3007.997070 5286.281738 1525.322266
  25           "cl" 2744  4477.120605 7346.173340 5076.460449
  26           "dh" 2375  4414.149902 3289.372803 3920.738037
  27           "dx" 1864  2265.650391 2113.731689 2511.986816
  28           "eh" 3276  12006.566406 12079.861328 5124.103027
  29           "el"  951  3829.392578 4215.080078 2284.951660
  30           "en"  630  1937.131714 2506.528564 1279.741455
  31           "er" 4138  18055.615234 15731.482422 8603.118164
  32           "ey" 2271  12596.971680 10433.099609 5916.747559
  33           "hh" 1660  4437.616211 3582.463135 2675.179688
  34           "ih" 4248  11834.237305 13942.884766 6071.312500
  35           "ix" 7368  15522.955078 12505.638672 10132.530273
  36           "iy" 4625  15750.716797 20708.496094 9571.137695
  37           "jh" 1013  3316.820801 4766.057129 1920.978027
  38           "ng" 1220  3108.084473 3287.989258 2549.691650
  39           "ow" 1653  8407.231445 8209.808594 3951.854248
  40           "oy"  304  2274.874756 1698.208008 1171.885742
  41           "sh" 1317  5961.799316 7044.068848 2360.029785
  42           "th"  744  2591.403809 3032.848145 1141.722778
  43           "uh"  500  1484.216309 1310.172607 687.596802
  44           "uw" 1952  7442.556152 6739.699219 3365.212158
  45           "zh"  149  559.046875 495.716766 271.434326
  46          "epi"  907  1339.179443 1253.116211 1019.605530
  47          "sil" 8281  51744.671875 58619.406250 31383.767578
  48          "vcl" 1672  2889.598877 3222.485352 2532.356201
