   1            "b" 2181  8809.539062 2937.201660 2430.225098
   2            "d" 2432  7094.621582 4402.942383 3890.923340
   3            "f" 2214  6775.045410 11201.029297 3627.195312
   4            "g" 1191  3948.502686 2371.340088 2430.039062
   5            "k" 3794  14674.290039 9110.335938 11328.873047
   6            "l" 4424  16802.605469 10498.385742 9326.862305
   7            "m" 3565  9860.522461 8464.115234 5444.840820
   8            "n" 6893  15913.810547 13024.624023 11068.473633
   9            "p" 2588  12600.392578 5890.318848 6406.333496
  10            "r" 4681  12705.133789 13074.102539 8881.563477
  11            "s" 6176  22802.492188 36797.640625 13234.207031
  12            "t" 3947  14044.430664 13163.298828 6916.740234
  13            "v" 1993  3845.740234 4618.367188 2440.579102
  14            "w" 2216  7464.684082 5519.298340 4322.172852
  15            "y"  995  3389.937012 2862.368652 2033.986328
  16            "z" 3681  11323.491211 16338.291016 7211.491211
  17           "aa" 2256  8852.415039 13007.778320 5825.763672
  18           "ae" 2292  13158.461914 12991.584961 4964.267090
  19           "ah" 2265  8275.941406 7755.446777 3911.556641
  20           "ao" 1865  6489.503906 10091.270508 5327.384766
  21           "aw"  727  5137.880371 4117.965332 2892.141602
  22           "ax" 3891  6555.308105 6662.103516 5011.139648
  23           "ay" 1934  12247.854492 11232.860352 6666.505371
  24           "ch"  820  3120.898193 5098.827148 1573.158081
  25           "cl" 2744  4532.186035 7040.705078 4964.824707
  26           "dh" 2375  4411.925293 3185.702393 3995.996582
  27           "dx" 1864  2372.611084 2144.365967 2480.931641
  28           "eh" 3276  12230.672852 11200.947266 5494.919434
  29           "el"  951  3763.099121 4248.597168 2447.870605
  30           "en"  630  1924.062012 2482.153320 1356.146973
  31           "er" 4138  18478.375000 14903.277344 9068.153320
  32           "ey" 2271  12234.432617 10389.661133 6287.191406
  33           "hh" 1660  4298.083984 3597.194580 2601.037842
  34           "ih" 4248  12182.362305 12970.753906 6262.742676
  35           "ix" 7368  15120.901367 12280.623047 10429.714844
  36           "iy" 4625  15473.190430 20590.154297 10232.659180
  37           "jh" 1013  3301.342529 4728.941895 1952.264771
  38           "ng" 1220  2993.034668 3322.127930 2709.249756
  39           "ow" 1653  8161.931152 8045.019531 4331.111328
  40           "oy"  304  2283.327637 1624.709351 1247.301758
  41           "sh" 1317  6221.612305 6785.934082 2369.228027
  42           "th"  744  2600.295166 2992.289551 1228.889771
  43           "uh"  500  1473.820435 1282.797241 701.813721
  44           "uw" 1952  7317.115234 6676.550293 3497.675781
  45           "zh"  149  575.796448 503.912445 278.884338
  46          "epi"  907  1360.508545 1244.805664 1026.800781
  47          "sil" 8281  49581.882812 57162.921875 34403.613281
  48          "vcl" 1672  2822.149414 3119.805176 2688.922852
