   1            "b" 2181  8434.926758 3046.265381 2513.120850
   2            "d" 2432  7065.122559 4539.260254 3978.963379
   3            "f" 2215  6591.944336 10550.567383 4283.491699
   4            "g" 1191  3963.930420 2394.302002 2520.302734
   5            "k" 3794  14667.671875 9655.271484 10415.649414
   6            "l" 4425  15705.366211 13011.545898 9541.344727
   7            "m" 3566  9009.757812 9305.857422 5627.012207
   8            "n" 6896  14811.345703 13786.637695 11920.315430
   9            "p" 2588  12362.245117 5581.902344 6365.778320
  10            "r" 4681  11963.055664 13393.373047 9548.083008
  11            "s" 6176  23593.160156 35436.988281 13882.458984
  12            "t" 3948  13348.863281 12655.597656 6909.183594
  13            "v" 1994  3665.940186 4197.162598 3160.661621
  14            "w" 2216  6950.146973 6249.673828 4311.238770
  15            "y"  995  3402.348389 2833.508301 2063.687988
  16            "z" 3682  11327.892578 16801.980469 7327.235352
  17           "aa" 2256  8488.543945 12722.792969 6545.676758
  18           "ae" 2292  12758.503906 12270.373047 5718.006348
  19           "ah" 2266  8048.220703 7541.202148 4050.703125
  20           "ao" 1865  6726.039551 9675.310547 6184.905762
  21           "aw"  728  4830.889648 3976.533691 3253.438965
  22           "ax" 3892  6893.009766 5597.188965 5552.234375
  23           "ay" 1934  11723.097656 10678.275391 7543.355957
  24           "ch"  820  3185.795898 4765.675293 1718.802490
  25           "cl" 2744  4813.836426 6490.743652 5597.371094
  26           "dh" 2376  4528.431641 3325.310791 3868.882324
  27           "dx" 1864  2583.428223 2148.692139 2513.581055
  28           "eh" 3277  11505.557617 10548.038086 6326.382812
  29           "el"  951  3233.217773 4571.999023 2734.607178
  30           "en"  630  1765.186890 2464.628418 1600.964478
  31           "er" 4138  17805.875000 15256.102539 8709.141602
  32           "ey" 2271  11160.956055 10419.323242 6969.889648
  33           "hh" 1660  4117.865234 3876.339111 2828.960693
  34           "ih" 4248  13312.625000 10755.762695 7051.125977
  35           "ix" 7370  14578.086914 12319.841797 10515.134766
  36           "iy" 4626  14635.607422 20915.511719 11048.409180
  37           "jh" 1013  3476.831055 4702.032715 2060.165283
  38           "ng" 1220  3282.857422 3554.677246 2759.431885
  39           "ow" 1653  7483.377930 7887.956055 4845.495605
  40           "oy"  304  2208.800537 1549.353760 1333.096436
  41           "sh" 1317  6240.648438 6718.339355 2689.628174
  42           "th"  745  2498.830811 2953.028320 1390.317627
  43           "uh"  500  1434.579834 1294.659668 691.688477
  44           "uw" 1952  6829.897949 6660.401367 4103.020020
  45           "zh"  149  571.747559 518.266602 276.629547
  46          "epi"  908  1304.250000 1368.091675 1054.885864
  47          "sil" 8283  47960.671875 49942.148438 42145.222656
  48          "vcl" 1672  2852.646484 3089.380859 3067.550293
