   1            "b" 2181  8719.184570 2963.046143 2399.332764
   2            "d" 2432  6973.163574 4478.580078 3901.296143
   3            "f" 2215  6726.573242 11027.865234 3732.117676
   4            "g" 1191  3860.820557 2439.138184 2449.402344
   5            "k" 3794  14535.564453 9243.753906 11170.206055
   6            "l" 4425  16837.001953 10864.104492 9539.237305
   7            "m" 3566  9563.449219 8789.564453 5534.109375
   8            "n" 6896  15615.764648 13300.615234 11297.082031
   9            "p" 2588  12488.717773 5758.083984 6461.289062
  10            "r" 4681  12672.896484 13086.384766 9169.157227
  11            "s" 6176  22808.722656 36635.886719 13393.160156
  12            "t" 3948  13845.058594 13014.045898 6904.807129
  13            "v" 1994  3839.430908 4517.023926 2534.820801
  14            "w" 2216  7318.948730 5734.856445 4336.762207
  15            "y"  995  3422.240234 2868.666992 2027.348267
  16            "z" 3682  11388.343750 16446.888672 7194.455078
  17           "aa" 2256  8770.945312 12827.346680 6050.252441
  18           "ae" 2292  13109.856445 12874.005859 5187.394043
  19           "ah" 2266  8356.243164 7542.916992 4001.140869
  20           "ao" 1865  6548.854492 9779.151367 5622.192383
  21           "aw"  728  5083.407715 4063.068115 3001.622070
  22           "ax" 3892  6645.402832 6493.636230 5072.631836
  23           "ay" 1934  12125.446289 11183.089844 6775.119629
  24           "ch"  820  3122.968994 5014.541016 1618.148682
  25           "cl" 2744  4587.686035 6938.124512 4983.423828
  26           "dh" 2376  4424.921387 3174.843750 3995.012451
  27           "dx" 1864  2432.825439 2171.745361 2472.978027
  28           "eh" 3277  12268.684570 10695.046875 5850.015137
  29           "el"  951  3635.029785 4352.523438 2512.367188
  30           "en"  630  1847.614136 2526.191895 1440.614990
  31           "er" 4138  18586.335938 14668.134766 9127.402344
  32           "ey" 2271  11903.365234 10341.746094 6562.422852
  33           "hh" 1660  4305.576172 3618.432373 2600.420898
  34           "ih" 4248  12656.362305 12221.379883 6392.529785
  35           "ix" 7370  14800.154297 12376.686523 10538.198242
  36           "iy" 4626  15255.351562 20531.341797 10564.927734
  37           "jh" 1013  3286.932861 4733.497070 1962.760986
  38           "ng" 1220  3046.080566 3347.432617 2759.406982
  39           "ow" 1653  7978.388184 8053.110352 4405.566895
  40           "oy"  304  2288.630859 1602.632202 1263.296753
  41           "sh" 1317  6456.664062 6564.302734 2413.145508
  42           "th"  745  2548.180908 2999.257812 1339.343628
  43           "uh"  500  1484.330688 1269.484863 703.513184
  44           "uw" 1952  7159.107422 6763.635742 3566.780029
  45           "zh"  149  574.934021 515.556030 281.156311
  46          "epi"  908  1339.436523 1288.853149 1033.979248
  47          "sil" 8283  48953.777344 56494.359375 35564.726562
  48          "vcl" 1672  2791.433105 3094.495361 2832.656982
