   1            "b" 2181  8302.118164 3323.574707 2612.330322
   2            "d" 2432  7069.601074 4548.271484 4030.861816
   3            "f" 2215  6552.799805 10380.751953 4519.630859
   4            "g" 1191  4005.631348 2412.746094 2468.284668
   5            "k" 3794  14989.137695 9596.463867 10245.951172
   6            "l" 4425  15466.344727 13453.499023 9544.913086
   7            "m" 3566  9101.581055 8786.018555 6171.192383
   8            "n" 6896  14627.343750 13755.637695 12478.764648
   9            "p" 2588  12376.992188 5359.750488 6506.207031
  10            "r" 4681  11946.922852 12933.501953 9467.385742
  11            "s" 6176  23492.886719 35124.550781 14109.199219
  12            "t" 3948  13362.185547 12328.221680 7158.781738
  13            "v" 1994  3871.672119 4155.964844 3167.566406
  14            "w" 2216  6940.458496 6245.346680 4362.945801
  15            "y"  995  3247.108887 2755.466064 2196.566162
  16            "z" 3682  11349.440430 16318.628906 7599.058594
  17           "aa" 2256  8707.038086 12115.495117 6998.324219
  18           "ae" 2292  12268.889648 11864.387695 6577.452637
  19           "ah" 2266  7572.944824 7718.160645 4152.575195
  20           "ao" 1865  6481.766113 9691.192383 6461.919434
  21           "aw"  728  4644.792480 4032.265381 3369.439941
  22           "ax" 3892  6866.295410 5500.029297 5598.601562
  23           "ay" 1934  11615.445312 9864.072266 8308.239258
  24           "ch"  820  3206.787598 4637.502441 1863.432129
  25           "cl" 2744  4854.341309 6631.020508 5626.708008
  26           "dh" 2376  4707.613770 3427.478027 3860.981689
  27           "dx" 1864  2587.877930 2214.227051 2589.088135
  28           "eh" 3277  10768.792969 10792.070312 6466.884277
  29           "el"  951  3147.318848 4757.322266 2724.893066
  30           "en"  630  1773.085693 2434.519531 1616.094360
  31           "er" 4138  16660.843750 16307.983398 8494.912109
  32           "ey" 2271  11288.617188 9906.881836 7479.044922
  33           "hh" 1660  3944.272705 4099.768066 2871.066406
  34           "ih" 4248  13146.475586 10832.017578 6980.705078
  35           "ix" 7370  13734.051758 12604.523438 11052.513672
  36           "iy" 4626  15011.800781 20448.109375 11409.875977
  37           "jh" 1013  3544.173584 4552.056641 2163.031738
  38           "ng" 1220  3304.026367 3498.028809 2909.780273
  39           "ow" 1653  7471.958984 7811.484863 4979.865234
  40           "oy"  304  2225.756348 1403.408203 1394.314209
  41           "sh" 1317  5865.266602 7197.068359 2639.103271
  42           "th"  745  2426.347656 2905.461426 1509.403687
  43           "uh"  500  1424.003418 1337.336670 673.040649
  44           "uw" 1952  6716.562012 6401.105957 4461.849609
  45           "zh"  149  554.251404 538.721069 281.353302
  46          "epi"  908  1273.096558 1404.350464 1112.699463
  47          "sil" 8283  46658.921875 49211.507812 43912.476562
  48          "vcl" 1672  2833.732910 3083.779541 2948.133057
