   1            "b" 2181  9086.177734 2875.503906 2483.254395
   2            "d" 2432  7473.212402 4233.229492 3884.879150
   3            "f" 2214  7230.978516 10822.134766 3572.527100
   4            "g" 1191  4187.395996 2156.338379 2474.288574
   5            "k" 3794  14937.186523 8691.734375 12161.676758
   6            "l" 4422  14390.700195 10979.585938 8858.626953
   7            "m" 3563  10383.030273 7656.326660 5423.462402
   8            "n" 6891  15614.817383 13210.010742 10500.176758
   9            "p" 2588  12977.308594 6026.391602 6408.844727
  10            "r" 4680  12032.630859 13369.211914 7669.210449
  11            "s" 6175  23857.107422 35244.941406 12974.555664
  12            "t" 3947  14356.217773 13454.949219 6955.255371
  13            "v" 1992  3722.757812 4521.901367 2407.586914
  14            "w" 2213  7840.193359 5072.775879 4339.464844
  15            "y"  995  3269.803955 2689.043457 1956.825928
  16            "z" 3679  11656.961914 15210.573242 7218.461426
  17           "aa" 2256  9549.171875 13246.126953 5430.100098
  18           "ae" 2291  15812.105469 11174.596680 4425.436035
  19           "ah" 2265  9225.057617 7360.826172 3620.550537
  20           "ao" 1864  6691.527344 10430.421875 4696.775879
  21           "aw"  727  5470.286133 4109.346680 2511.390625
  22           "ax" 3891  7446.343262 6256.658691 5041.579102
  23           "ay" 1934  11942.517578 12042.015625 6455.324219
  24           "ch"  820  2994.359863 5395.219238 1496.514893
  25           "cl" 2744  4154.434570 8130.968262 4687.975098
  26           "dh" 2375  4517.810547 3156.792725 3886.834961
  27           "dx" 1862  2317.904785 2017.085693 2623.089844
  28           "eh" 3275  12633.596680 11779.035156 5183.559082
  29           "el"  951  3943.361816 3942.151123 2358.784668
  30           "en"  630  2081.195068 2302.113281 1271.409912
  31           "er" 4136  17922.488281 15677.746094 8804.166016
  32           "ey" 2270  13355.395508 10144.729492 5454.147461
  33           "hh" 1660  4364.751953 3553.992676 2816.001953
  34           "ih" 4248  13146.490234 13001.507812 6145.313965
  35           "ix" 7366  16896.302734 11596.625000 10223.973633
  36           "iy" 4624  16335.783203 19341.996094 9915.977539
  37           "jh" 1013  3266.742676 4812.305664 1934.972412
  38           "ng" 1220  3078.440674 3126.198730 2553.944336
  39           "ow" 1653  8823.713867 7738.005371 4000.269287
  40           "oy"  304  2268.883545 1790.762939 1086.398804
  41           "sh" 1317  5597.448242 7312.466797 2533.269287
  42           "th"  744  2665.573730 2932.221436 1235.466064
  43           "uh"  499  1536.140991 1292.296753 689.237854
  44           "uw" 1952  7638.279297 6489.675293 3528.438232
  45           "zh"  148  541.077209 474.697540 265.440826
  46          "epi"  907  1416.637817 1246.477417 1002.014404
  47          "sil" 8279  51953.582031 58956.718750 30652.490234
  48          "vcl" 1672  2811.877197 3452.342529 2511.286377
