   1            "b" 2181  8336.412109 3259.464600 2598.324219
   2            "d" 2432  7060.902344 4543.726074 4008.312256
   3            "f" 2215  6598.291016 10345.349609 4477.472656
   4            "g" 1191  4001.082520 2424.393066 2474.830811
   5            "k" 3794  14939.291016 9571.959961 10326.028320
   6            "l" 4425  15623.395508 13347.484375 9550.138672
   7            "m" 3566  9108.406250 8831.146484 6061.004883
   8            "n" 6896  14684.417969 13732.119141 12404.041016
   9            "p" 2588  12372.210938 5367.265137 6506.505859
  10            "r" 4681  11921.850586 12994.317383 9471.209961
  11            "s" 6176  23468.703125 35230.320312 14050.591797
  12            "t" 3948  13369.636719 12418.697266 7110.164551
  13            "v" 1994  3790.194824 4183.859375 3173.262207
  14            "w" 2216  6975.971191 6267.889648 4338.080078
  15            "y"  995  3299.310059 2778.305420 2151.693848
  16            "z" 3682  11328.332031 16431.017578 7588.690430
  17           "aa" 2256  8666.301758 12216.019531 6902.642578
  18           "ae" 2292  12380.528320 11898.382812 6428.423828
  19           "ah" 2266  7638.794434 7713.796387 4131.836426
  20           "ao" 1865  6542.870605 9725.900391 6375.486328
  21           "aw"  728  4697.915527 4018.907227 3362.830811
  22           "ax" 3892  6867.479980 5481.728027 5627.422363
  23           "ay" 1934  11659.489258 9964.055664 8180.230469
  24           "ch"  820  3202.190918 4659.822266 1841.329834
  25           "cl" 2744  4850.623047 6601.530273 5710.347656
  26           "dh" 2376  4694.370117 3396.879883 3858.671631
  27           "dx" 1864  2585.449951 2167.759521 2595.410889
  28           "eh" 3277  10936.517578 10764.307617 6346.287109
  29           "el"  951  3159.226318 4738.660645 2729.314941
  30           "en"  630  1769.927734 2440.765137 1617.636597
  31           "er" 4138  16857.953125 16224.277344 8500.212891
  32           "ey" 2271  11290.886719 10043.001953 7348.406250
  33           "hh" 1660  3996.476562 4056.258789 2849.400146
  34           "ih" 4248  13169.733398 10776.453125 7031.637695
  35           "ix" 7370  13910.833008 12540.291016 10941.689453
  36           "iy" 4626  15006.322266 20523.443359 11315.376953
  37           "jh" 1013  3541.728271 4566.187500 2147.364014
  38           "ng" 1220  3295.621338 3495.696045 2873.839111
  39           "ow" 1653  7490.480469 7775.024902 4971.372070
  40           "oy"  304  2223.421875 1418.421387 1382.351318
  41           "sh" 1317  5961.534180 7093.235352 2653.847900
  42           "th"  745  2433.147705 2910.582520 1503.009155
  43           "uh"  500  1423.875366 1332.493164 674.309204
  44           "uw" 1952  6734.747070 6374.570312 4463.492188
  45           "zh"  149  562.847412 530.208984 278.929962
  46          "epi"  908  1279.529297 1394.421875 1096.512817
  47          "sil" 8283  46865.308594 49368.605469 43392.320312
  48          "vcl" 1672  2867.485840 3049.558350 2965.832031
