   1            "b" 2181  8417.647461 3015.492676 2488.762451
   2            "d" 2432  7019.725098 4549.403809 3943.154297
   3            "f" 2215  6606.540039 10706.154297 4124.868164
   4            "g" 1191  3942.285400 2438.113281 2526.051025
   5            "k" 3794  14572.065430 9531.509766 10628.809570
   6            "l" 4425  15887.708008 12747.414062 9588.629883
   7            "m" 3566  9048.681641 9330.751953 5558.386719
   8            "n" 6896  14899.973633 13693.516602 11822.193359
   9            "p" 2588  12356.278320 5595.007812 6392.850098
  10            "r" 4681  12100.551758 13373.251953 9537.346680
  11            "s" 6176  23802.941406 35217.957031 13881.114258
  12            "t" 3948  13396.723633 12736.818359 6834.627930
  13            "v" 1994  3656.772949 4173.092773 3136.614258
  14            "w" 2216  6945.549316 6210.006836 4299.795410
  15            "y"  995  3417.082764 2858.013184 2052.521240
  16            "z" 3682  11468.215820 16755.392578 7219.922852
  17           "aa" 2256  8598.095703 12804.159180 6374.258789
  18           "ae" 2292  12831.298828 12325.602539 5629.816406
  19           "ah" 2266  8210.169922 7405.329590 4034.559814
  20           "ao" 1865  6730.040527 9652.104492 6109.059570
  21           "aw"  728  4848.517090 3953.909668 3254.505859
  22           "ax" 3892  6909.481934 5689.284668 5472.215820
  23           "ay" 1934  11749.803711 10849.334961 7354.801270
  24           "ch"  820  3176.535400 4800.466797 1697.954468
  25           "cl" 2744  4830.912598 6569.966797 5528.841309
  26           "dh" 2376  4521.245117 3290.132324 3836.473633
  27           "dx" 1864  2572.037109 2161.927002 2509.708252
  28           "eh" 3277  11758.123047 10308.688477 6385.899902
  29           "el"  951  3273.265869 4534.159668 2738.661621
  30           "en"  630  1774.316895 2494.163330 1589.950073
  31           "er" 4138  18104.941406 14923.321289 8853.852539
  32           "ey" 2271  11165.766602 10388.625000 7016.073730
  33           "hh" 1660  4162.213867 3806.850586 2832.398193
  34           "ih" 4248  13378.031250 10709.294922 7010.666992
  35           "ix" 7370  14666.626953 12177.679688 10557.695312
  36           "iy" 4626  14525.354492 20811.632812 11090.595703
  37           "jh" 1013  3478.589600 4719.968750 2044.106079
  38           "ng" 1220  3291.946289 3505.473633 2767.270020
  39           "ow" 1653  7561.167969 7897.402344 4774.666016
  40           "oy"  304  2220.847168 1564.694580 1313.658325
  41           "sh" 1317  6438.565430 6512.906250 2679.434570
  42           "th"  745  2528.440430 2945.864258 1365.630127
  43           "uh"  500  1453.566284 1271.694946 699.956543
  44           "uw" 1952  6904.836914 6729.410645 4004.955811
  45           "zh"  149  568.762817 521.279236 274.985840
  46          "epi"  908  1329.918457 1363.502808 1049.159546
  47          "sil" 8283  48235.710938 50591.222656 41444.812500
  48          "vcl" 1672  2823.486816 3107.302246 3006.589600
