   1            "b" 2181  8434.687500 3088.041992 2550.174561
   2            "d" 2432  7058.625488 4554.989746 3996.858887
   3            "f" 2215  6603.366699 10421.279297 4401.845703
   4            "g" 1191  3982.299316 2407.778320 2503.856934
   5            "k" 3794  14762.070312 9647.111328 10375.787109
   6            "l" 4425  15683.139648 13169.235352 9493.641602
   7            "m" 3566  9065.359375 9149.055664 5740.244141
   8            "n" 6896  14788.298828 13832.914062 12044.726562
   9            "p" 2588  12391.079102 5514.316895 6401.259277
  10            "r" 4681  11921.558594 13289.646484 9466.570312
  11            "s" 6176  23494.900391 35428.757812 13927.089844
  12            "t" 3948  13315.876953 12578.276367 6996.135742
  13            "v" 1994  3724.055420 4171.121582 3198.074219
  14            "w" 2216  6960.426758 6311.503906 4315.935059
  15            "y"  995  3369.691895 2807.188232 2084.457031
  16            "z" 3682  11287.781250 16708.785156 7413.225098
  17           "aa" 2256  8489.011719 12592.110352 6680.193848
  18           "ae" 2292  12598.545898 12199.445312 5936.107422
  19           "ah" 2266  7856.517090 7666.437988 4066.023926
  20           "ao" 1865  6643.074707 9761.483398 6217.712891
  21           "aw"  728  4792.724609 3992.214111 3285.030029
  22           "ax" 3892  6870.763184 5491.173828 5620.554688
  23           "ay" 1934  11712.915039 10426.794922 7763.743652
  24           "ch"  820  3195.262695 4728.046875 1759.015381
  25           "cl" 2744  4822.724121 6562.112793 5641.796387
  26           "dh" 2376  4563.672852 3353.921875 3874.190918
  27           "dx" 1864  2577.249023 2132.802246 2553.607666
  28           "eh" 3277  11266.437500 10756.424805 6269.761719
  29           "el"  951  3195.569580 4657.275879 2710.129639
  30           "en"  630  1763.902100 2448.903809 1610.408569
  31           "er" 4138  17480.183594 15641.360352 8588.882812
  32           "ey" 2271  11186.966797 10388.751953 7039.470703
  33           "hh" 1660  4098.047363 3932.255127 2818.286865
  34           "ih" 4248  13275.644531 10785.677734 7014.901855
  35           "ix" 7370  14392.206055 12446.156250 10568.064453
  36           "iy" 4626  14900.845703 20706.439453 11092.305664
  37           "jh" 1013  3503.880615 4660.656738 2092.248535
  38           "ng" 1220  3276.263672 3537.509766 2780.114014
  39           "ow" 1653  7491.593262 7795.765137 4913.621094
  40           "oy"  304  2219.934326 1492.320557 1365.388184
  41           "sh" 1317  6140.870605 6867.803223 2683.906494
  42           "th"  745  2455.677979 2961.784668 1430.484009
  43           "uh"  500  1424.729980 1313.634644 682.761108
  44           "uw" 1952  6795.848633 6526.683105 4218.507812
  45           "zh"  149  573.255005 516.300964 280.212524
  46          "epi"  908  1296.789551 1373.076050 1065.146240
  47          "sil" 8283  47626.863281 49847.101562 42275.093750
  48          "vcl" 1672  2882.959961 3055.840820 3099.016113
