   1            "b" 2181  9567.146484 2902.756348 2684.931885
   2            "d" 2432  7631.698242 4091.359619 4021.435547
   3            "f" 2214  8047.162109 9918.805664 3484.689453
   4            "g" 1191  4224.906250 2243.333740 2312.046875
   5            "k" 3794  14697.501953 10310.125977 10825.628906
   6            "l" 4422  10609.139648 10700.154297 7574.855957
   7            "m" 3563  8448.451172 8745.490234 4871.121582
   8            "n" 6891  12607.940430 14879.544922 8397.856445
   9            "p" 2588  13190.753906 7536.063965 5176.018066
  10            "r" 4680  12211.163086 12127.177734 5446.012695
  11            "s" 6175  27384.429688 31477.107422 12772.894531
  12            "t" 3947  13975.159180 13744.788086 6875.291504
  13            "v" 1992  4263.601074 3657.387695 2412.527100
  14            "w" 2213  7612.470215 5129.562012 4262.921387
  15            "y"  995  3022.026611 2481.614990 1846.332642
  16            "z" 3679  13519.730469 12590.513672 6877.164062
  17           "aa" 2256  10702.711914 13815.361328 4691.785645
  18           "ae" 2291  17734.574219 10953.239258 3909.987793
  19           "ah" 2265  11244.556641 6527.312012 3484.147705
  20           "ao" 1864  7207.098633 11346.208984 3781.010010
  21           "aw"  727  5970.595703 4157.077148 2051.497070
  22           "ax" 3891  8999.260742 5748.105957 5404.745117
  23           "ay" 1934  11232.069336 13828.429688 5655.361816
  24           "ch"  820  2836.548828 5601.814941 1427.900879
  25           "cl" 2744  3943.604980 8959.345703 4764.799805
  26           "dh" 2375  4542.452148 3247.542236 4056.026123
  27           "dx" 1862  2289.359619 2002.797852 2538.721924
  28           "eh" 3275  16435.185547 10388.375977 4991.664062
  29           "el"  951  3914.582764 3524.308838 2686.120361
  30           "en"  630  2241.661621 2046.611328 926.698853
  31           "er" 4136  19266.718750 14616.834961 8574.674805
  32           "ey" 2270  15087.743164 9846.308594 4630.470215
  33           "hh" 1660  4389.907715 3762.782959 2771.058105
  34           "ih" 4248  17332.367188 11309.125977 5921.015137
  35           "ix" 7366  18686.806641 11720.542969 9731.835938
  36           "iy" 4624  18699.851562 16754.058594 10190.642578
  37           "jh" 1013  3218.924072 4883.644531 1819.403809
  38           "ng" 1220  2775.321045 3176.924805 2080.745850
  39           "ow" 1653  10218.973633 7485.429688 3572.154541
  40           "oy"  304  2145.975830 2183.195801 797.745728
  41           "sh" 1317  5737.541992 7180.321289 2503.975586
  42           "th"  744  2472.200928 2883.627441 1167.764404
  43           "uh"  499  1877.433716 1097.737915 659.532104
  44           "uw" 1952  8038.722168 6306.112305 3714.278320
  45           "zh"  148  542.300659 467.275024 233.948639
  46          "epi"  907  1815.075684 1087.853394 961.532837
  47          "sil" 8279  52449.527344 65090.359375 26204.835938
  48          "vcl" 1672  2545.574707 3794.769531 2560.612793
