   1            "b" 2181  9618.189453 3018.148438 2673.335205
   2            "d" 2432  7660.604980 4255.260254 3637.298340
   3            "f" 2214  8128.683105 10418.963867 2984.738770
   4            "g" 1191  4243.909668 2370.644531 2118.354736
   5            "k" 3794  14928.261719 13633.099609 7741.055664
   6            "l" 4422  11056.121094 10139.101562 6333.047363
   7            "m" 3563  9563.482422 8265.662109 4549.955078
   8            "n" 6891  13810.438477 14171.385742 8083.792480
   9            "p" 2588  13410.705078 9406.917969 3705.243652
  10            "r" 4680  12493.753906 11613.056641 5275.328125
  11            "s" 6175  29234.029297 32022.566406 9626.759766
  12            "t" 3947  13861.546875 15006.563477 5488.560547
  13            "v" 1992  4103.738770 3877.676514 2273.501709
  14            "w" 2213  7853.820801 5177.617676 3880.537842
  15            "y"  995  2974.203613 2662.645264 1560.202026
  16            "z" 3679  14682.706055 12073.879883 5762.538574
  17           "aa" 2256  11620.677734 13855.919922 3708.018311
  18           "ae" 2291  18153.207031 10869.978516 3182.301270
  19           "ah" 2265  11615.348633 6618.839844 2937.356201
  20           "ao" 1864  7935.021484 11586.069336 3186.572021
  21           "aw"  727  6043.451660 4268.537109 1745.743896
  22           "ax" 3891  9082.914062 5937.036621 4922.105957
  23           "ay" 1934  12092.272461 13966.792969 4447.211426
  24           "ch"  820  2814.490967 5862.148926 1183.643677
  25           "cl" 2744  4102.164062 9770.475586 4107.145996
  26           "dh" 2375  4096.717285 3148.166260 3572.736572
  27           "dx" 1862  2209.581787 2122.553223 2367.124023
  28           "eh" 3275  17227.082031 10542.408203 4117.528320
  29           "el"  951  3619.447510 3727.746338 2392.033203
  30           "en"  630  2269.049561 2161.972168 816.293335
  31           "er" 4136  18778.974609 15852.244141 7311.268555
  32           "ey" 2270  15272.338867 10416.524414 3939.046387
  33           "hh" 1660  4385.449707 4241.005371 2488.488281
  34           "ih" 4248  18157.197266 11474.874023 5198.160156
  35           "ix" 7366  18980.107422 12402.258789 9214.264648
  36           "iy" 4624  19052.957031 18134.607422 8577.158203
  37           "jh" 1013  3200.126465 5239.656250 1394.900757
  38           "ng" 1220  2860.260254 3428.530762 1588.124268
  39           "ow" 1653  10372.053711 7982.050781 2785.878906
  40           "oy"  304  2183.088379 2309.596680 625.303772
  41           "sh" 1317  6095.322266 7225.495605 2121.487061
  42           "th"  744  2471.705322 3007.968750 975.689087
  43           "uh"  499  1928.890259 1132.488892 628.011108
  44           "uw" 1952  8071.874023 6914.412109 3184.976074
  45           "zh"  148  569.661804 471.673737 206.433319
  46          "epi"  907  2018.589844 1098.608765 969.548340
  47          "sil" 8279  54697.421875 69944.625000 21893.349609
  48          "vcl" 1672  2927.884033 4110.618164 2295.479980
