   1            "b" 2181  8381.344727 3171.892822 2577.584473
   2            "d" 2432  7063.020020 4544.570312 3998.104004
   3            "f" 2215  6613.066406 10341.699219 4454.211426
   4            "g" 1191  3993.544189 2430.024170 2486.129395
   5            "k" 3794  14870.603516 9581.145508 10415.319336
   6            "l" 4425  15666.772461 13248.036133 9561.382812
   7            "m" 3566  9101.281250 8945.011719 5911.165039
   8            "n" 6896  14729.914062 13761.579102 12295.180664
   9            "p" 2588  12376.130859 5412.609375 6473.919922
  10            "r" 4681  11884.407227 13149.290039 9451.723633
  11            "s" 6176  23449.396484 35349.222656 13987.703125
  12            "t" 3948  13359.983398 12507.395508 7058.159668
  13            "v" 1994  3744.004150 4175.481934 3198.539307
  14            "w" 2216  6964.272461 6320.062988 4325.381836
  15            "y"  995  3337.256592 2781.682129 2121.860596
  16            "z" 3682  11301.144531 16554.183594 7554.421875
  17           "aa" 2256  8579.659180 12366.443359 6819.155273
  18           "ae" 2292  12486.065430 12012.294922 6211.094238
  19           "ah" 2266  7731.152344 7709.514160 4100.990723
  20           "ao" 1865  6616.298340 9727.098633 6331.212891
  21           "aw"  728  4750.866699 4001.426514 3336.073242
  22           "ax" 3892  6851.419434 5464.216309 5651.065918
  23           "ay" 1934  11696.335938 10140.418945 7985.276855
  24           "ch"  820  3200.968262 4691.731934 1805.533813
  25           "cl" 2744  4835.337891 6568.376465 5732.212891
  26           "dh" 2376  4625.856934 3366.439453 3860.341553
  27           "dx" 1864  2584.880859 2137.923584 2585.680176
  28           "eh" 3277  11104.572266 10748.662109 6260.736328
  29           "el"  951  3197.000977 4697.184082 2721.031006
  30           "en"  630  1764.132568 2441.011719 1614.394409
  31           "er" 4138  17120.912109 16000.697266 8528.754883
  32           "ey" 2271  11255.803711 10206.744141 7203.748047
  33           "hh" 1660  4067.148193 3980.850098 2830.428955
  34           "ih" 4248  13210.267578 10754.515625 7046.461426
  35           "ix" 7370  14128.175781 12505.795898 10784.448242
  36           "iy" 4626  14994.947266 20598.322266 11213.247070
  37           "jh" 1013  3533.742676 4603.907715 2125.093506
  38           "ng" 1220  3286.177002 3514.282959 2825.622559
  39           "ow" 1653  7499.698242 7749.191895 4974.541016
  40           "oy"  304  2223.669922 1444.219849 1381.389282
  41           "sh" 1317  6067.729492 6979.099609 2670.031250
  42           "th"  745  2440.190674 2927.693604 1484.315430
  43           "uh"  500  1427.670166 1323.092285 678.185486
  44           "uw" 1952  6767.768555 6402.533203 4374.381836
  45           "zh"  149  570.692932 518.031677 280.822449
  46          "epi"  908  1286.121826 1380.981689 1076.008301
  47          "sil" 8283  47271.437500 49575.425781 42603.921875
  48          "vcl" 1672  2887.332275 3031.718994 3107.789551
