   1            "b" 2181  8642.421875 2951.170898 2401.150146
   2            "d" 2432  6906.077148 4517.775391 3879.420166
   3            "f" 2215  6673.938965 10892.691406 3888.030273
   4            "g" 1191  3822.858398 2483.740967 2456.744385
   5            "k" 3794  14470.816406 9317.329102 11094.918945
   6            "l" 4425  16628.662109 11410.854492 9519.624023
   7            "m" 3566  9392.310547 9074.700195 5560.713867
   8            "n" 6896  15538.086914 13583.192383 11378.137695
   9            "p" 2588  12425.433594 5657.182129 6485.824219
  10            "r" 4681  12539.706055 13163.521484 9312.191406
  11            "s" 6176  22747.279297 36582.652344 13339.915039
  12            "t" 3948  13706.461914 12890.578125 6907.396973
  13            "v" 1994  3832.533936 4387.842773 2644.894287
  14            "w" 2216  7186.156250 5960.520020 4334.661621
  15            "y"  995  3408.066650 2897.945801 2001.953003
  16            "z" 3682  11442.093750 16564.919922 7141.188477
  17           "aa" 2256  8714.680664 12779.975586 6232.632324
  18           "ae" 2292  13020.614258 12872.257812 5254.670898
  19           "ah" 2266  8415.461914 7427.149902 4014.927979
  20           "ao" 1865  6484.660645 9625.640625 5828.078125
  21           "aw"  728  5005.355957 4055.355225 3109.646240
  22           "ax" 3892  6726.933594 6342.749512 5103.183105
  23           "ay" 1934  12036.400391 11187.461914 6850.770996
  24           "ch"  820  3093.439697 4965.052734 1665.031982
  25           "cl" 2744  4600.429688 6951.312012 5053.351074
  26           "dh" 2376  4387.997070 3216.758789 3941.526367
  27           "dx" 1864  2461.039307 2191.219482 2477.346191
  28           "eh" 3277  12159.760742 10540.762695 6042.937988
  29           "el"  951  3521.200928 4451.246094 2549.849121
  30           "en"  630  1786.484131 2558.029297 1487.762573
  31           "er" 4138  18365.957031 14789.806641 9092.241211
  32           "ey" 2271  11695.122070 10318.343750 6718.964355
  33           "hh" 1660  4268.910645 3658.493408 2620.046875
  34           "ih" 4248  12868.717773 11790.307617 6535.675781
  35           "ix" 7370  14585.667969 12518.224609 10557.565430
  36           "iy" 4626  15048.588867 20591.957031 10671.641602
  37           "jh" 1013  3274.494629 4734.806641 1973.569824
  38           "ng" 1220  3123.942383 3383.056396 2770.322021
  39           "ow" 1653  7877.213867 8078.637695 4465.462402
  40           "oy"  304  2272.245361 1601.438599 1264.750732
  41           "sh" 1317  6501.229980 6543.875488 2439.174561
  42           "th"  745  2532.354004 3007.568115 1371.696899
  43           "uh"  500  1474.201416 1267.800171 705.784973
  44           "uw" 1952  6982.734375 6881.721191 3620.853027
  45           "zh"  149  573.509094 522.542114 279.379150
  46          "epi"  908  1309.050537 1342.985352 1038.132324
  47          "sil" 8283  48924.382812 55945.656250 36047.503906
  48          "vcl" 1672  2773.750977 3109.305420 2870.935791
