   1            "b" 2180  9272.263672 2824.419922 2495.238037
   2            "d" 2432  7556.570312 4123.278320 3916.750000
   3            "f" 2214  7592.612305 10540.995117 3528.435059
   4            "g" 1191  4232.449219 2107.489014 2415.310303
   5            "k" 3794  14873.773438 8574.113281 12356.805664
   6            "l" 4422  13310.850586 11046.710938 8482.083984
   7            "m" 3562  10226.791992 7628.612305 5127.853516
   8            "n" 6888  14698.956055 13861.438477 9743.357422
   9            "p" 2588  13078.298828 6159.715332 6324.535645
  10            "r" 4679  12018.780273 13681.880859 6805.599121
  11            "s" 6174  25894.111328 33342.835938 12731.895508
  12            "t" 3947  14408.783203 13581.516602 6889.739258
  13            "v" 1992  3723.448730 4301.312500 2410.262207
  14            "w" 2213  7813.215332 5091.728516 4381.849121
  15            "y"  995  3226.565918 2646.649414 1963.323120
  16            "z" 3678  12254.137695 14264.183594 7264.807617
  17           "aa" 2256  10162.567383 13247.954102 5116.539551
  18           "ae" 2291  16367.970703 11119.359375 4255.653809
  19           "ah" 2264  9856.747070 7017.484863 3575.966309
  20           "ao" 1863  7024.472168 10657.678711 4416.944824
  21           "aw"  727  5661.474121 4067.081787 2388.610107
  22           "ax" 3891  8207.654297 5757.633789 5127.666504
  23           "ay" 1932  11794.466797 12387.221680 6344.814453
  24           "ch"  820  2978.964600 5479.737305 1467.796631
  25           "cl" 2743  3937.389404 8655.654297 4439.343262
  26           "dh" 2374  4486.857910 3092.859375 3886.368652
  27           "dx" 1862  2320.636719 1963.831909 2635.451416
  28           "eh" 3275  13441.080078 11439.865234 5221.829102
  29           "el"  951  3978.409668 3847.491455 2402.052002
  30           "en"  629  2173.229492 2240.862793 1148.384033
  31           "er" 4135  18451.242188 15283.491211 8697.425781
  32           "ey" 2270  13690.772461 10181.266602 5193.117188
  33           "hh" 1660  4234.416016 3612.987305 2805.562500
  34           "ih" 4247  14342.326172 12419.670898 6098.046387
  35           "ix" 7366  17628.625000 11400.760742 10079.581055
  36           "iy" 4623  17054.095703 18580.578125 10080.106445
  37           "jh" 1013  3211.215820 4830.323242 1972.264038
  38           "ng" 1220  2970.649902 3139.787109 2423.188965
  39           "ow" 1652  9071.650391 7730.136719 3936.208984
  40           "oy"  304  2264.458740 1837.003052 1029.029907
  41           "sh" 1314  5507.327148 7346.629883 2574.800293
  42           "th"  744  2628.356445 2929.336914 1231.382202
  43           "uh"  499  1635.058350 1247.614136 669.340942
  44           "uw" 1952  7770.723145 6371.750977 3582.339600
  45           "zh"  148  546.061768 463.095093 258.943085
  46          "epi"  907  1447.144287 1194.015747 977.132874
  47          "sil" 8276  52362.578125 60509.175781 29045.880859
  48          "vcl" 1672  2618.347900 3645.219238 2396.737793
