   1            "b" 2181  9455.272461 2764.837646 2596.509277
   2            "d" 2432  7553.158691 4009.405762 4099.062500
   3            "f" 2214  7940.758301 10185.168945 3489.255859
   4            "g" 1191  4198.384766 2074.402832 2336.224854
   5            "k" 3794  14452.049805 8442.414062 12679.699219
   6            "l" 4424  11369.788086 10973.512695 7544.074707
   7            "m" 3565  9362.093750 8271.815430 4708.366211
   8            "n" 6893  12895.665039 15146.660156 8545.142578
   9            "p" 2588  13051.112305 6015.310059 6550.708496
  10            "r" 4681  12027.037109 13113.753906 5673.749512
  11            "s" 6176  28008.343750 31369.396484 12614.833008
  12            "t" 3947  13955.308594 13619.017578 6851.667969
  13            "v" 1993  3872.814941 3886.963623 2414.038086
  14            "w" 2216  7442.396973 5378.043457 4371.945801
  15            "y"  995  3084.231689 2622.060791 1894.991699
  16            "z" 3681  13270.488281 13267.171875 6819.281250
  17           "aa" 2256  10998.839844 13263.878906 4722.801758
  18           "ae" 2292  16738.656250 11685.065430 4045.281982
  19           "ah" 2265  10430.104492 7075.688965 3614.931885
  20           "ao" 1865  7331.591309 11089.297852 3957.759521
  21           "aw"  727  5712.355957 4335.858398 2088.571289
  22           "ax" 3891  8794.579102 5726.101074 5178.350586
  23           "ay" 1934  11656.264648 13214.875000 5883.867188
  24           "ch"  820  2871.485840 5582.500488 1430.120850
  25           "cl" 2744  3950.374268 8880.473633 4559.060059
  26           "dh" 2375  4411.589355 3294.661865 3903.534180
  27           "dx" 1864  2315.965576 1958.258301 2534.195312
  28           "eh" 3276  14896.888672 11232.832031 5268.487305
  29           "el"  951  3919.066162 3785.879150 2389.693359
  30           "en"  630  2276.662109 2150.492188 932.613831
  31           "er" 4138  18716.658203 15395.025391 8351.944336
  32           "ey" 2271  14266.925781 10349.200195 4758.623047
  33           "hh" 1660  4327.872559 3682.774170 2765.339600
  34           "ih" 4248  15844.494141 12292.687500 6171.204590
  35           "ix" 7368  18180.316406 11970.101562 9720.222656
  36           "iy" 4625  17848.138672 17949.605469 10029.771484
  37           "jh" 1013  3190.299805 4862.935547 1907.168213
  38           "ng" 1220  2884.329102 3173.214600 2241.512207
  39           "ow" 1653  9579.301758 7959.683594 3735.770264
  40           "oy"  304  2182.945068 2033.831909 898.028931
  41           "sh" 1317  5658.471680 7249.291504 2521.468994
  42           "th"  744  2469.030762 2961.793457 1165.351440
  43           "uh"  500  1803.752686 1219.315308 661.716248
  44           "uw" 1952  7904.208008 6569.668945 3574.579590
  45           "zh"  149  537.659729 477.220825 239.100006
  46          "epi"  907  1545.220825 1123.337646 962.726440
  47          "sil" 8281  53477.945312 63920.691406 25993.359375
  48          "vcl" 1672  2427.886719 3928.171875 2569.143555
