   1            "b" 2181  8546.864258 2960.421387 2435.292725
   2            "d" 2432  6908.867188 4554.221680 3879.535400
   3            "f" 2215  6643.536621 10894.064453 3944.001465
   4            "g" 1191  3845.834473 2489.662842 2483.919434
   5            "k" 3794  14462.815430 9472.333984 10883.980469
   6            "l" 4425  16291.093750 11989.789062 9557.515625
   7            "m" 3566  9237.279297 9267.894531 5538.919922
   8            "n" 6896  15360.774414 13734.381836 11344.832031
   9            "p" 2588  12371.596680 5638.591797 6449.131836
  10            "r" 4681  12335.929688 13315.289062 9334.233398
  11            "s" 6176  23142.785156 36190.015625 13368.938477
  12            "t" 3948  13577.584961 12801.114258 6886.782227
  13            "v" 1994  3844.870605 4180.364258 2869.049072
  14            "w" 2216  7067.340332 6064.343750 4292.609375
  15            "y"  995  3427.295410 2910.385986 2002.786987
  16            "z" 3682  11534.041016 16713.640625 7034.613281
  17           "aa" 2256  8731.751953 12811.613281 6239.900879
  18           "ae" 2292  12914.607422 12852.534180 5335.031738
  19           "ah" 2266  8381.056641 7398.422852 4006.705322
  20           "ao" 1865  6537.314941 9606.060547 5986.917480
  21           "aw"  728  4903.979004 4024.130371 3172.229736
  22           "ax" 3892  6868.441895 6070.943359 5193.123047
  23           "ay" 1934  11888.108398 11147.549805 6979.931152
  24           "ch"  820  3108.571289 4907.816406 1694.467529
  25           "cl" 2744  4643.882812 6971.286133 5061.150879
  26           "dh" 2376  4422.100586 3250.553467 3890.295898
  27           "dx" 1864  2497.702637 2189.622559 2488.593750
  28           "eh" 3277  12002.144531 10471.050781 6164.608887
  29           "el"  951  3391.729980 4532.109863 2608.278076
  30           "en"  630  1756.215454 2580.025146 1525.052856
  31           "er" 4138  18200.597656 14890.447266 9030.105469
  32           "ey" 2271  11412.892578 10451.970703 6855.066895
  33           "hh" 1660  4192.513184 3700.847656 2692.280273
  34           "ih" 4248  13040.686523 11459.032227 6656.952148
  35           "ix" 7370  14584.290039 12385.212891 10566.322266
  36           "iy" 4626  14871.368164 20745.722656 10727.057617
  37           "jh" 1013  3324.559814 4730.801758 2003.768311
  38           "ng" 1220  3196.844238 3418.468994 2794.507080
  39           "ow" 1653  7742.521484 8079.430176 4527.975586
  40           "oy"  304  2240.516602 1602.117310 1261.753784
  41           "sh" 1317  6555.309082 6488.951172 2487.118408
  42           "th"  745  2540.436523 2986.364014 1380.977661
  43           "uh"  500  1453.409790 1275.408936 701.735168
  44           "uw" 1952  6896.250000 6912.772461 3722.980713
  45           "zh"  149  572.133911 519.828186 278.830231
  46          "epi"  908  1320.988403 1369.673462 1041.631226
  47          "sil" 8283  48832.312500 54771.382812 37196.964844
  48          "vcl" 1672  2765.895752 3152.489746 2920.322021
