   1            "b" 2181  9650.803711 2973.263916 2649.505371
   2            "d" 2432  7690.938477 4216.752930 3875.619141
   3            "f" 2214  8086.882812 10046.362305 3290.665527
   4            "g" 1191  4261.973145 2316.015625 2253.635742
   5            "k" 3794  14816.899414 11850.500977 9307.501953
   6            "l" 4422  10892.530273 10484.526367 7133.015625
   7            "m" 3563  8737.686523 8651.245117 4703.983398
   8            "n" 6891  12979.605469 14591.469727 8190.731934
   9            "p" 2588  13289.127930 8529.965820 4246.031738
  10            "r" 4680  12342.997070 11948.471680 5343.119141
  11            "s" 6175  27880.615234 31767.804688 11782.365234
  12            "t" 3947  14026.377930 14185.545898 6441.009766
  13            "v" 1992  4227.133301 3710.602295 2314.314941
  14            "w" 2213  7741.251953 5108.369141 4153.987305
  15            "y"  995  3024.328613 2554.941162 1723.832275
  16            "z" 3679  13954.824219 12329.256836 6566.756348
  17           "aa" 2256  11041.876953 13880.298828 4298.880371
  18           "ae" 2291  18067.636719 10831.992188 3578.531982
  19           "ah" 2265  11482.386719 6551.551270 3220.518799
  20           "ao" 1864  7383.745117 11522.781250 3566.029785
  21           "aw"  727  6033.483398 4168.597656 1949.059448
  22           "ax" 3891  9150.179688 5784.571289 5247.680664
  23           "ay" 1934  11465.734375 13956.762695 5265.383301
  24           "ch"  820  2819.061279 5700.825684 1355.140869
  25           "cl" 2744  3990.578369 9129.105469 4567.804199
  26           "dh" 2375  4473.814941 3187.936279 3990.713135
  27           "dx" 1862  2233.628418 2050.656738 2482.495361
  28           "eh" 3275  16924.378906 10351.252930 4542.739258
  29           "el"  951  3846.126221 3533.016113 2590.312744
  30           "en"  630  2233.900146 2082.268799 891.728943
  31           "er" 4136  19296.115234 14804.732422 8192.352539
  32           "ey" 2270  15286.404297 9919.503906 4375.561523
  33           "hh" 1660  4420.819336 3910.235596 2665.990723
  34           "ih" 4248  17852.367188 11236.967773 5571.908691
  35           "ix" 7366  19006.900391 11781.324219 9591.383789
  36           "iy" 4624  18972.201172 16962.535156 9696.654297
  37           "jh" 1013  3210.506104 5022.817871 1667.641235
  38           "ng" 1220  2807.045410 3271.875732 1797.715088
  39           "ow" 1653  10382.408203 7508.133301 3281.065674
  40           "oy"  304  2150.315186 2236.201904 717.433105
  41           "sh" 1317  5885.487793 7184.497070 2370.335205
  42           "th"  744  2497.964600 2933.961182 1083.976562
  43           "uh"  499  1908.133179 1078.428345 641.445068
  44           "uw" 1952  8099.154297 6440.518066 3562.680420
  45           "zh"  148  557.442261 464.855804 221.645477
  46          "epi"  907  1916.979492 1076.689819 951.147522
  47          "sil" 8279  52584.617188 67011.007812 25006.513672
  48          "vcl" 1672  2713.940430 3746.852051 2440.740967
