   1            "b" 2181  8440.008789 2995.528320 2470.968750
   2            "d" 2432  6963.428223 4570.156250 3900.899170
   3            "f" 2215  6596.667969 10803.613281 4082.156250
   4            "g" 1191  3893.037598 2468.282715 2521.690918
   5            "k" 3794  14506.056641 9533.312500 10718.765625
   6            "l" 4425  15972.762695 12422.112305 9617.710938
   7            "m" 3566  9104.201172 9322.124023 5545.021484
   8            "n" 6896  15083.457031 13650.130859 11617.721680
   9            "p" 2588  12341.721680 5619.429688 6418.201660
  10            "r" 4681  12229.515625 13345.560547 9451.843750
  11            "s" 6176  23664.197266 35415.882812 13702.353516
  12            "t" 3948  13494.851562 12790.083984 6855.083008
  13            "v" 1994  3751.519775 4080.466553 3093.841553
  14            "w" 2216  6979.594238 6138.870605 4289.857910
  15            "y"  995  3437.340820 2882.707520 2029.677734
  16            "z" 3682  11570.970703 16710.130859 7080.058594
  17           "aa" 2256  8716.286133 12816.125000 6264.440918
  18           "ae" 2292  12871.854492 12490.298828 5550.573242
  19           "ah" 2266  8327.901367 7351.036133 4033.714844
  20           "ao" 1865  6661.205566 9652.275391 6052.883301
  21           "aw"  728  4877.489258 3956.275391 3254.078369
  22           "ax" 3892  6905.862793 5819.698730 5348.957520
  23           "ay" 1934  11758.056641 11052.784180 7167.425293
  24           "ch"  820  3155.790283 4838.699219 1696.216919
  25           "cl" 2744  4753.349121 6805.032715 5333.146484
  26           "dh" 2376  4504.254395 3271.468018 3831.856934
  27           "dx" 1864  2548.271973 2175.806152 2504.314941
  28           "eh" 3277  11898.895508 10274.297852 6353.890625
  29           "el"  951  3299.825928 4528.768066 2706.867920
  30           "en"  630  1775.301025 2532.531494 1555.025513
  31           "er" 4138  18249.416016 14771.835938 8992.564453
  32           "ey" 2271  11230.484375 10381.718750 7013.091309
  33           "hh" 1660  4180.431641 3741.860596 2798.738037
  34           "ih" 4248  13284.092773 10946.057617 6873.951172
  35           "ix" 7370  14675.801758 12180.028320 10588.800781
  36           "iy" 4626  14659.279297 20651.000000 11009.234375
  37           "jh" 1013  3427.717285 4731.048340 2025.676270
  38           "ng" 1220  3260.487061 3465.913330 2785.600098
  39           "ow" 1653  7675.329102 7969.555664 4676.440918
  40           "oy"  304  2234.909424 1586.420654 1286.752441
  41           "sh" 1317  6569.721191 6404.034180 2621.374512
  42           "th"  745  2562.169922 2941.473877 1387.958374
  43           "uh"  500  1470.133667 1258.873657 703.171753
  44           "uw" 1952  6897.034668 6807.954590 3899.421631
  45           "zh"  149  571.441956 520.200439 273.530731
  46          "epi"  908  1346.861694 1357.228760 1050.699951
  47          "sil" 8283  48500.429688 51947.804688 40005.226562
  48          "vcl" 1672  2796.281738 3145.305908 2980.180664
